pi: 3.143588659585789
tau: 6.287177319171578
